{
 "cells": [
  {
   "attachments": {},
   "cell_type": "markdown",
   "metadata": {
    "application/vnd.databricks.v1+cell": {
     "cellMetadata": {
      "byteLimit": 2048000,
      "rowLimit": 10000
     },
     "inputWidgets": {},
     "nuid": "1150ad03-d27d-41cd-9d3e-5d717b80a08e",
     "showTitle": false,
     "title": ""
    }
   },
   "source": [
    "## First we initialize our globals"
   ]
  },
  {
   "cell_type": "code",
   "execution_count": 1,
   "metadata": {
    "application/vnd.databricks.v1+cell": {
     "cellMetadata": {
      "byteLimit": 2048000,
      "rowLimit": 10000
     },
     "inputWidgets": {},
     "nuid": "db31f2e5-6f73-4b4a-9735-48e5fb1a4cea",
     "showTitle": false,
     "title": ""
    }
   },
   "outputs": [],
   "source": [
    "# load table into spark dataframe\n",
    "cows_bff = spark.read.table(\"db.cows_bff\")"
   ]
  },
  {
   "attachments": {},
   "cell_type": "markdown",
   "metadata": {
    "application/vnd.databricks.v1+cell": {
     "cellMetadata": {
      "byteLimit": 2048000,
      "rowLimit": 10000
     },
     "inputWidgets": {},
     "nuid": "e077744e-aee4-462b-b53c-d34955da8e92",
     "showTitle": false,
     "title": ""
    }
   },
   "source": [
    "## Some graphs and charts"
   ]
  },
  {
   "cell_type": "code",
   "execution_count": 2,
   "metadata": {
    "application/vnd.databricks.v1+cell": {
     "cellMetadata": {
      "byteLimit": 2048000,
      "rowLimit": 10000
     },
     "inputWidgets": {},
     "nuid": "eafa5b74-fd93-418e-a855-c20aecd86ec0",
     "showTitle": false,
     "title": ""
    }
   },
   "outputs": [
    {
     "data": {
      "text/html": [
       "<table border=\"1\" class=\"dataframe\">\n",
       "  <thead>\n",
       "    <tr style=\"text-align: right;\">\n",
       "      <th></th>\n",
       "      <th>cow_name</th>\n",
       "      <th>meal_start</th>\n",
       "      <th>meal_end</th>\n",
       "      <th>meal_start_time</th>\n",
       "      <th>meal_end_time</th>\n",
       "      <th>duration</th>\n",
       "      <th>date</th>\n",
       "      <th>day</th>\n",
       "    </tr>\n",
       "  </thead>\n",
       "  <tbody>\n",
       "    <tr>\n",
       "      <th>0</th>\n",
       "      <td>Butterscotch</td>\n",
       "      <td>33575</td>\n",
       "      <td>33936</td>\n",
       "      <td>9:19:35</td>\n",
       "      <td>9:25:36</td>\n",
       "      <td>361</td>\n",
       "      <td>2023-05-20</td>\n",
       "      <td>Saturday</td>\n",
       "    </tr>\n",
       "    <tr>\n",
       "      <th>1</th>\n",
       "      <td>Hershey</td>\n",
       "      <td>32998</td>\n",
       "      <td>34215</td>\n",
       "      <td>9:09:58</td>\n",
       "      <td>9:30:15</td>\n",
       "      <td>1217</td>\n",
       "      <td>2023-05-20</td>\n",
       "      <td>Saturday</td>\n",
       "    </tr>\n",
       "    <tr>\n",
       "      <th>2</th>\n",
       "      <td>Mocha</td>\n",
       "      <td>33671</td>\n",
       "      <td>34788</td>\n",
       "      <td>9:21:11</td>\n",
       "      <td>9:39:48</td>\n",
       "      <td>1117</td>\n",
       "      <td>2023-05-20</td>\n",
       "      <td>Saturday</td>\n",
       "    </tr>\n",
       "    <tr>\n",
       "      <th>3</th>\n",
       "      <td>Cocoa</td>\n",
       "      <td>33671</td>\n",
       "      <td>34788</td>\n",
       "      <td>9:21:11</td>\n",
       "      <td>9:39:48</td>\n",
       "      <td>1117</td>\n",
       "      <td>2023-05-20</td>\n",
       "      <td>Saturday</td>\n",
       "    </tr>\n",
       "    <tr>\n",
       "      <th>4</th>\n",
       "      <td>Nutella</td>\n",
       "      <td>31935</td>\n",
       "      <td>32628</td>\n",
       "      <td>8:52:15</td>\n",
       "      <td>9:03:48</td>\n",
       "      <td>693</td>\n",
       "      <td>2023-05-20</td>\n",
       "      <td>Saturday</td>\n",
       "    </tr>\n",
       "    <tr>\n",
       "      <th>5</th>\n",
       "      <td>Brandy</td>\n",
       "      <td>33595</td>\n",
       "      <td>33997</td>\n",
       "      <td>9:19:55</td>\n",
       "      <td>9:26:37</td>\n",
       "      <td>402</td>\n",
       "      <td>2023-05-20</td>\n",
       "      <td>Saturday</td>\n",
       "    </tr>\n",
       "    <tr>\n",
       "      <th>6</th>\n",
       "      <td>Peaches</td>\n",
       "      <td>33004</td>\n",
       "      <td>33113</td>\n",
       "      <td>9:10:04</td>\n",
       "      <td>9:11:53</td>\n",
       "      <td>109</td>\n",
       "      <td>2023-05-20</td>\n",
       "      <td>Saturday</td>\n",
       "    </tr>\n",
       "    <tr>\n",
       "      <th>7</th>\n",
       "      <td>Marshmallow</td>\n",
       "      <td>32478</td>\n",
       "      <td>34034</td>\n",
       "      <td>9:01:18</td>\n",
       "      <td>9:27:14</td>\n",
       "      <td>1556</td>\n",
       "      <td>2023-05-20</td>\n",
       "      <td>Saturday</td>\n",
       "    </tr>\n",
       "    <tr>\n",
       "      <th>8</th>\n",
       "      <td>Popcorn</td>\n",
       "      <td>33156</td>\n",
       "      <td>33564</td>\n",
       "      <td>9:12:36</td>\n",
       "      <td>9:19:24</td>\n",
       "      <td>408</td>\n",
       "      <td>2023-05-20</td>\n",
       "      <td>Saturday</td>\n",
       "    </tr>\n",
       "    <tr>\n",
       "      <th>9</th>\n",
       "      <td>Muffin</td>\n",
       "      <td>34536</td>\n",
       "      <td>34580</td>\n",
       "      <td>9:35:36</td>\n",
       "      <td>9:36:20</td>\n",
       "      <td>44</td>\n",
       "      <td>2023-05-20</td>\n",
       "      <td>Saturday</td>\n",
       "    </tr>\n",
       "  </tbody>\n",
       "</table>"
      ],
      "text/plain": [
       "DataFrame[cow_name: string, meal_start: bigint, meal_end: bigint, meal_start_time: string, meal_end_time: string, duration: bigint, date: timestamp, day: string]"
      ]
     },
     "metadata": {},
     "output_type": "display_data"
    }
   ],
   "source": [
    "display(cows_bff.limit(10))"
   ]
  },
  {
   "attachments": {},
   "cell_type": "markdown",
   "metadata": {
    "application/vnd.databricks.v1+cell": {
     "cellMetadata": {
      "byteLimit": 2048000,
      "rowLimit": 10000
     },
     "inputWidgets": {},
     "nuid": "a06f52cf-3601-4fa5-8041-bd1df249f2be",
     "showTitle": false,
     "title": ""
    }
   },
   "source": [
    "## Lets compute meal overlap"
   ]
  },
  {
   "cell_type": "code",
   "execution_count": 3,
   "metadata": {},
   "outputs": [
    {
     "data": {
      "text/html": [
       "<table border=\"1\" class=\"dataframe\">\n",
       "  <thead>\n",
       "    <tr style=\"text-align: right;\">\n",
       "      <th></th>\n",
       "      <th>cow1</th>\n",
       "      <th>cow2</th>\n",
       "      <th>distance</th>\n",
       "    </tr>\n",
       "  </thead>\n",
       "  <tbody>\n",
       "    <tr>\n",
       "      <th>0</th>\n",
       "      <td>Brandy</td>\n",
       "      <td>Buttercup</td>\n",
       "      <td>1415.461538</td>\n",
       "    </tr>\n",
       "    <tr>\n",
       "      <th>1</th>\n",
       "      <td>Brandy</td>\n",
       "      <td>Butterscotch</td>\n",
       "      <td>1300.076923</td>\n",
       "    </tr>\n",
       "    <tr>\n",
       "      <th>2</th>\n",
       "      <td>Brandy</td>\n",
       "      <td>Cocoa</td>\n",
       "      <td>1425.538462</td>\n",
       "    </tr>\n",
       "    <tr>\n",
       "      <th>3</th>\n",
       "      <td>Brandy</td>\n",
       "      <td>Daisy</td>\n",
       "      <td>1166.846154</td>\n",
       "    </tr>\n",
       "    <tr>\n",
       "      <th>4</th>\n",
       "      <td>Brandy</td>\n",
       "      <td>Dottie</td>\n",
       "      <td>1337.769231</td>\n",
       "    </tr>\n",
       "    <tr>\n",
       "      <th>5</th>\n",
       "      <td>Brandy</td>\n",
       "      <td>Hershey</td>\n",
       "      <td>1737.076923</td>\n",
       "    </tr>\n",
       "    <tr>\n",
       "      <th>6</th>\n",
       "      <td>Brandy</td>\n",
       "      <td>Magic</td>\n",
       "      <td>1258.000000</td>\n",
       "    </tr>\n",
       "    <tr>\n",
       "      <th>7</th>\n",
       "      <td>Brandy</td>\n",
       "      <td>Marshmallow</td>\n",
       "      <td>1290.230769</td>\n",
       "    </tr>\n",
       "    <tr>\n",
       "      <th>8</th>\n",
       "      <td>Brandy</td>\n",
       "      <td>Mocha</td>\n",
       "      <td>1425.538462</td>\n",
       "    </tr>\n",
       "    <tr>\n",
       "      <th>9</th>\n",
       "      <td>Brandy</td>\n",
       "      <td>Muffin</td>\n",
       "      <td>1372.384615</td>\n",
       "    </tr>\n",
       "  </tbody>\n",
       "</table>"
      ],
      "text/plain": [
       "DataFrame[cow1: string, cow2: string, distance: double]"
      ]
     },
     "metadata": {},
     "output_type": "display_data"
    }
   ],
   "source": [
    "from pyspark.sql.functions import udf, countDistinct, sum, col\n",
    "from pyspark.sql.types import IntegerType\n",
    "\n",
    "calculate_time_overlap = lambda start_interval_1, end_interval_1, start_interval_2, end_interval_2: \\\n",
    "    0 if end_interval_1 <= start_interval_2 or end_interval_2 <= start_interval_1 else \\\n",
    "    max(end_interval_1, end_interval_2) - min(start_interval_1, start_interval_2) \n",
    "\n",
    "calculate_time_overlap_udf = udf(calculate_time_overlap, IntegerType())\n",
    "\n",
    "cow1 = cows_bff\\\n",
    "    .withColumnRenamed('cow_name','cow1')\\\n",
    "    .withColumnRenamed('meal_start','meal_start1')\\\n",
    "    .withColumnRenamed('meal_end','meal_end1')\\\n",
    "    .withColumnRenamed('date','date1')\\\n",
    "    .select('cow1','meal_start1','meal_end1','date1')\n",
    "\n",
    "\n",
    "cow2 = cows_bff\\\n",
    "    .withColumnRenamed('cow_name','cow2')\\\n",
    "    .withColumnRenamed('meal_start','meal_start2')\\\n",
    "    .withColumnRenamed('meal_end','meal_end2')\\\n",
    "    .withColumnRenamed('date','date2')\\\n",
    "    .select('cow2','meal_start2','meal_end2','date2')\n",
    "\n",
    "df = cow1.crossJoin(cow2)\\\n",
    "  .where((cow1.cow1 != cow2.cow2) & (cow1.date1 == cow2.date2))\n",
    "\n",
    "df = df\\\n",
    "  .withColumn('overlap', calculate_time_overlap_udf(\"meal_start1\", \"meal_end1\", \"meal_start2\", \"meal_end2\"))\\\n",
    "  .select('cow1','cow2','date1','overlap')\n",
    "\n",
    "df = df.groupBy('cow1', 'cow2').agg(sum('overlap').alias('total_overlap'), countDistinct('date1').alias('distinct_days'))\n",
    "df = df\\\n",
    "  .withColumn('avg_overlap', df.total_overlap / df.distinct_days)\\\n",
    "  .select('cow1','cow2','avg_overlap')\\\n",
    "  .withColumnRenamed('avg_overlap','distance')\\\n",
    "  .sort(col('cow1').asc(), col('cow2').asc())\n",
    "\n",
    "display(df.limit(10))"
   ]
  },
  {
   "attachments": {},
   "cell_type": "markdown",
   "metadata": {},
   "source": [
    "# Display Heatmap"
   ]
  },
  {
   "cell_type": "code",
   "execution_count": 4,
   "metadata": {},
   "outputs": [
    {
     "data": {
      "application/vnd.plotly.v1+json": {
       "config": {
        "plotlyServerURL": "https://plot.ly"
       },
       "data": [
        {
         "coloraxis": "coloraxis",
         "hovertemplate": "Cow 2: %{x}<br>Cow 1: %{y}<br>Overlap: %{z}<extra></extra>",
         "name": "0",
         "type": "heatmap",
         "x": [
          "Brandy",
          "Buttercup",
          "Butterscotch",
          "Cocoa",
          "Daisy",
          "Dottie",
          "Hershey",
          "Magic",
          "Marshmallow",
          "Mocha",
          "Muffin",
          "Nellie",
          "Nutella",
          "Peaches",
          "Popcorn"
         ],
         "xaxis": "x",
         "y": [
          "Brandy",
          "Buttercup",
          "Butterscotch",
          "Cocoa",
          "Daisy",
          "Dottie",
          "Hershey",
          "Magic",
          "Marshmallow",
          "Mocha",
          "Muffin",
          "Nellie",
          "Nutella",
          "Peaches",
          "Popcorn"
         ],
         "yaxis": "y",
         "z": [
          [
           0,
           1415.4615384615386,
           1300.076923076923,
           1425.5384615384614,
           1166.8461538461538,
           1337.7692307692307,
           1737.076923076923,
           1258,
           1290.2307692307693,
           1425.5384615384614,
           1372.3846153846155,
           1594.8461538461538,
           1708.6153846153845,
           1598.6923076923076,
           1250.923076923077
          ],
          [
           1415.4615384615386,
           0,
           1032.1538461538462,
           1399.5384615384614,
           699.0769230769231,
           1220.6153846153845,
           1452.6923076923076,
           1183.6923076923076,
           1159.3846153846155,
           1399.5384615384614,
           1306.3846153846155,
           1049.8461538461538,
           1071.5384615384614,
           1462,
           1075.7692307692307
          ],
          [
           1300.076923076923,
           1032.1538461538462,
           0,
           1129.8461538461538,
           728.4615384615385,
           796.8461538461538,
           1126.4615384615386,
           895.3076923076923,
           981.6153846153846,
           1129.8461538461538,
           1152.3846153846155,
           1221.3076923076924,
           1164.5384615384614,
           1107.3846153846155,
           867.1538461538462
          ],
          [
           1425.5384615384614,
           1399.5384615384614,
           1129.8461538461538,
           0,
           548.1538461538462,
           919.4615384615385,
           1149.6153846153845,
           1068.923076923077,
           1320.7692307692307,
           981.4615384615385,
           1313.6153846153845,
           1207.1538461538462,
           1269.5384615384614,
           1077.3076923076924,
           870.4615384615385
          ],
          [
           1166.8461538461538,
           699.0769230769231,
           728.4615384615385,
           548.1538461538462,
           0,
           726.7692307692307,
           1137.6923076923076,
           596.7692307692307,
           1012.3076923076923,
           548.1538461538462,
           545.6923076923077,
           1032.7692307692307,
           965.2307692307693,
           605.2307692307693,
           760.1538461538462
          ],
          [
           1337.7692307692307,
           1220.6153846153845,
           796.8461538461538,
           919.4615384615385,
           726.7692307692307,
           0,
           1311.2307692307693,
           786.3076923076923,
           1122.6153846153845,
           919.4615384615385,
           730.8461538461538,
           1037.8461538461538,
           1182.3076923076924,
           850.7692307692307,
           712.8461538461538
          ],
          [
           1737.076923076923,
           1452.6923076923076,
           1126.4615384615386,
           1149.6153846153845,
           1137.6923076923076,
           1311.2307692307693,
           0,
           1006.0769230769231,
           1372.7692307692307,
           1149.6153846153845,
           1350.1538461538462,
           1300.1538461538462,
           1618.2307692307693,
           1271.7692307692307,
           1043.4615384615386
          ],
          [
           1258,
           1183.6923076923076,
           895.3076923076923,
           1068.923076923077,
           596.7692307692307,
           786.3076923076923,
           1006.0769230769231,
           0,
           603.4615384615385,
           1068.923076923077,
           725.0769230769231,
           1115.1538461538462,
           1148,
           1134.076923076923,
           647.8461538461538
          ],
          [
           1290.2307692307693,
           1159.3846153846155,
           981.6153846153846,
           1320.7692307692307,
           1012.3076923076923,
           1122.6153846153845,
           1372.7692307692307,
           603.4615384615385,
           0,
           1320.7692307692307,
           1016.5384615384615,
           828.7692307692307,
           1185.7692307692307,
           1087.6923076923076,
           888.3846153846154
          ],
          [
           1425.5384615384614,
           1399.5384615384614,
           1129.8461538461538,
           981.4615384615385,
           548.1538461538462,
           919.4615384615385,
           1149.6153846153845,
           1068.923076923077,
           1320.7692307692307,
           0,
           1313.6153846153845,
           1207.1538461538462,
           1269.5384615384614,
           1077.3076923076924,
           870.4615384615385
          ],
          [
           1372.3846153846155,
           1306.3846153846155,
           1152.3846153846155,
           1313.6153846153845,
           545.6923076923077,
           730.8461538461538,
           1350.1538461538462,
           725.0769230769231,
           1016.5384615384615,
           1313.6153846153845,
           0,
           1169.076923076923,
           1312.7692307692307,
           808.6153846153846,
           837
          ],
          [
           1594.8461538461538,
           1049.8461538461538,
           1221.3076923076924,
           1207.1538461538462,
           1032.7692307692307,
           1037.8461538461538,
           1300.1538461538462,
           1115.1538461538462,
           828.7692307692307,
           1207.1538461538462,
           1169.076923076923,
           0,
           1197.2307692307693,
           1162.7692307692307,
           928.3846153846154
          ],
          [
           1708.6153846153845,
           1071.5384615384614,
           1164.5384615384614,
           1269.5384615384614,
           965.2307692307693,
           1182.3076923076924,
           1618.2307692307693,
           1148,
           1185.7692307692307,
           1269.5384615384614,
           1312.7692307692307,
           1197.2307692307693,
           0,
           1302.1538461538462,
           1084.923076923077
          ],
          [
           1598.6923076923076,
           1462,
           1107.3846153846155,
           1077.3076923076924,
           605.2307692307693,
           850.7692307692307,
           1271.7692307692307,
           1134.076923076923,
           1087.6923076923076,
           1077.3076923076924,
           808.6153846153846,
           1162.7692307692307,
           1302.1538461538462,
           0,
           992.1538461538462
          ],
          [
           1250.923076923077,
           1075.7692307692307,
           867.1538461538462,
           870.4615384615385,
           760.1538461538462,
           712.8461538461538,
           1043.4615384615386,
           647.8461538461538,
           888.3846153846154,
           870.4615384615385,
           837,
           928.3846153846154,
           1084.923076923077,
           992.1538461538462,
           0
          ]
         ]
        }
       ],
       "layout": {
        "coloraxis": {
         "colorbar": {
          "title": {
           "text": "Overlap"
          }
         },
         "colorscale": [
          [
           0,
           "#0d0887"
          ],
          [
           0.1111111111111111,
           "#46039f"
          ],
          [
           0.2222222222222222,
           "#7201a8"
          ],
          [
           0.3333333333333333,
           "#9c179e"
          ],
          [
           0.4444444444444444,
           "#bd3786"
          ],
          [
           0.5555555555555556,
           "#d8576b"
          ],
          [
           0.6666666666666666,
           "#ed7953"
          ],
          [
           0.7777777777777778,
           "#fb9f3a"
          ],
          [
           0.8888888888888888,
           "#fdca26"
          ],
          [
           1,
           "#f0f921"
          ]
         ]
        },
        "height": 500,
        "template": {
         "data": {
          "bar": [
           {
            "error_x": {
             "color": "#2a3f5f"
            },
            "error_y": {
             "color": "#2a3f5f"
            },
            "marker": {
             "line": {
              "color": "#E5ECF6",
              "width": 0.5
             },
             "pattern": {
              "fillmode": "overlay",
              "size": 10,
              "solidity": 0.2
             }
            },
            "type": "bar"
           }
          ],
          "barpolar": [
           {
            "marker": {
             "line": {
              "color": "#E5ECF6",
              "width": 0.5
             },
             "pattern": {
              "fillmode": "overlay",
              "size": 10,
              "solidity": 0.2
             }
            },
            "type": "barpolar"
           }
          ],
          "carpet": [
           {
            "aaxis": {
             "endlinecolor": "#2a3f5f",
             "gridcolor": "white",
             "linecolor": "white",
             "minorgridcolor": "white",
             "startlinecolor": "#2a3f5f"
            },
            "baxis": {
             "endlinecolor": "#2a3f5f",
             "gridcolor": "white",
             "linecolor": "white",
             "minorgridcolor": "white",
             "startlinecolor": "#2a3f5f"
            },
            "type": "carpet"
           }
          ],
          "choropleth": [
           {
            "colorbar": {
             "outlinewidth": 0,
             "ticks": ""
            },
            "type": "choropleth"
           }
          ],
          "contour": [
           {
            "colorbar": {
             "outlinewidth": 0,
             "ticks": ""
            },
            "colorscale": [
             [
              0,
              "#0d0887"
             ],
             [
              0.1111111111111111,
              "#46039f"
             ],
             [
              0.2222222222222222,
              "#7201a8"
             ],
             [
              0.3333333333333333,
              "#9c179e"
             ],
             [
              0.4444444444444444,
              "#bd3786"
             ],
             [
              0.5555555555555556,
              "#d8576b"
             ],
             [
              0.6666666666666666,
              "#ed7953"
             ],
             [
              0.7777777777777778,
              "#fb9f3a"
             ],
             [
              0.8888888888888888,
              "#fdca26"
             ],
             [
              1,
              "#f0f921"
             ]
            ],
            "type": "contour"
           }
          ],
          "contourcarpet": [
           {
            "colorbar": {
             "outlinewidth": 0,
             "ticks": ""
            },
            "type": "contourcarpet"
           }
          ],
          "heatmap": [
           {
            "colorbar": {
             "outlinewidth": 0,
             "ticks": ""
            },
            "colorscale": [
             [
              0,
              "#0d0887"
             ],
             [
              0.1111111111111111,
              "#46039f"
             ],
             [
              0.2222222222222222,
              "#7201a8"
             ],
             [
              0.3333333333333333,
              "#9c179e"
             ],
             [
              0.4444444444444444,
              "#bd3786"
             ],
             [
              0.5555555555555556,
              "#d8576b"
             ],
             [
              0.6666666666666666,
              "#ed7953"
             ],
             [
              0.7777777777777778,
              "#fb9f3a"
             ],
             [
              0.8888888888888888,
              "#fdca26"
             ],
             [
              1,
              "#f0f921"
             ]
            ],
            "type": "heatmap"
           }
          ],
          "heatmapgl": [
           {
            "colorbar": {
             "outlinewidth": 0,
             "ticks": ""
            },
            "colorscale": [
             [
              0,
              "#0d0887"
             ],
             [
              0.1111111111111111,
              "#46039f"
             ],
             [
              0.2222222222222222,
              "#7201a8"
             ],
             [
              0.3333333333333333,
              "#9c179e"
             ],
             [
              0.4444444444444444,
              "#bd3786"
             ],
             [
              0.5555555555555556,
              "#d8576b"
             ],
             [
              0.6666666666666666,
              "#ed7953"
             ],
             [
              0.7777777777777778,
              "#fb9f3a"
             ],
             [
              0.8888888888888888,
              "#fdca26"
             ],
             [
              1,
              "#f0f921"
             ]
            ],
            "type": "heatmapgl"
           }
          ],
          "histogram": [
           {
            "marker": {
             "pattern": {
              "fillmode": "overlay",
              "size": 10,
              "solidity": 0.2
             }
            },
            "type": "histogram"
           }
          ],
          "histogram2d": [
           {
            "colorbar": {
             "outlinewidth": 0,
             "ticks": ""
            },
            "colorscale": [
             [
              0,
              "#0d0887"
             ],
             [
              0.1111111111111111,
              "#46039f"
             ],
             [
              0.2222222222222222,
              "#7201a8"
             ],
             [
              0.3333333333333333,
              "#9c179e"
             ],
             [
              0.4444444444444444,
              "#bd3786"
             ],
             [
              0.5555555555555556,
              "#d8576b"
             ],
             [
              0.6666666666666666,
              "#ed7953"
             ],
             [
              0.7777777777777778,
              "#fb9f3a"
             ],
             [
              0.8888888888888888,
              "#fdca26"
             ],
             [
              1,
              "#f0f921"
             ]
            ],
            "type": "histogram2d"
           }
          ],
          "histogram2dcontour": [
           {
            "colorbar": {
             "outlinewidth": 0,
             "ticks": ""
            },
            "colorscale": [
             [
              0,
              "#0d0887"
             ],
             [
              0.1111111111111111,
              "#46039f"
             ],
             [
              0.2222222222222222,
              "#7201a8"
             ],
             [
              0.3333333333333333,
              "#9c179e"
             ],
             [
              0.4444444444444444,
              "#bd3786"
             ],
             [
              0.5555555555555556,
              "#d8576b"
             ],
             [
              0.6666666666666666,
              "#ed7953"
             ],
             [
              0.7777777777777778,
              "#fb9f3a"
             ],
             [
              0.8888888888888888,
              "#fdca26"
             ],
             [
              1,
              "#f0f921"
             ]
            ],
            "type": "histogram2dcontour"
           }
          ],
          "mesh3d": [
           {
            "colorbar": {
             "outlinewidth": 0,
             "ticks": ""
            },
            "type": "mesh3d"
           }
          ],
          "parcoords": [
           {
            "line": {
             "colorbar": {
              "outlinewidth": 0,
              "ticks": ""
             }
            },
            "type": "parcoords"
           }
          ],
          "pie": [
           {
            "automargin": true,
            "type": "pie"
           }
          ],
          "scatter": [
           {
            "fillpattern": {
             "fillmode": "overlay",
             "size": 10,
             "solidity": 0.2
            },
            "type": "scatter"
           }
          ],
          "scatter3d": [
           {
            "line": {
             "colorbar": {
              "outlinewidth": 0,
              "ticks": ""
             }
            },
            "marker": {
             "colorbar": {
              "outlinewidth": 0,
              "ticks": ""
             }
            },
            "type": "scatter3d"
           }
          ],
          "scattercarpet": [
           {
            "marker": {
             "colorbar": {
              "outlinewidth": 0,
              "ticks": ""
             }
            },
            "type": "scattercarpet"
           }
          ],
          "scattergeo": [
           {
            "marker": {
             "colorbar": {
              "outlinewidth": 0,
              "ticks": ""
             }
            },
            "type": "scattergeo"
           }
          ],
          "scattergl": [
           {
            "marker": {
             "colorbar": {
              "outlinewidth": 0,
              "ticks": ""
             }
            },
            "type": "scattergl"
           }
          ],
          "scattermapbox": [
           {
            "marker": {
             "colorbar": {
              "outlinewidth": 0,
              "ticks": ""
             }
            },
            "type": "scattermapbox"
           }
          ],
          "scatterpolar": [
           {
            "marker": {
             "colorbar": {
              "outlinewidth": 0,
              "ticks": ""
             }
            },
            "type": "scatterpolar"
           }
          ],
          "scatterpolargl": [
           {
            "marker": {
             "colorbar": {
              "outlinewidth": 0,
              "ticks": ""
             }
            },
            "type": "scatterpolargl"
           }
          ],
          "scatterternary": [
           {
            "marker": {
             "colorbar": {
              "outlinewidth": 0,
              "ticks": ""
             }
            },
            "type": "scatterternary"
           }
          ],
          "surface": [
           {
            "colorbar": {
             "outlinewidth": 0,
             "ticks": ""
            },
            "colorscale": [
             [
              0,
              "#0d0887"
             ],
             [
              0.1111111111111111,
              "#46039f"
             ],
             [
              0.2222222222222222,
              "#7201a8"
             ],
             [
              0.3333333333333333,
              "#9c179e"
             ],
             [
              0.4444444444444444,
              "#bd3786"
             ],
             [
              0.5555555555555556,
              "#d8576b"
             ],
             [
              0.6666666666666666,
              "#ed7953"
             ],
             [
              0.7777777777777778,
              "#fb9f3a"
             ],
             [
              0.8888888888888888,
              "#fdca26"
             ],
             [
              1,
              "#f0f921"
             ]
            ],
            "type": "surface"
           }
          ],
          "table": [
           {
            "cells": {
             "fill": {
              "color": "#EBF0F8"
             },
             "line": {
              "color": "white"
             }
            },
            "header": {
             "fill": {
              "color": "#C8D4E3"
             },
             "line": {
              "color": "white"
             }
            },
            "type": "table"
           }
          ]
         },
         "layout": {
          "annotationdefaults": {
           "arrowcolor": "#2a3f5f",
           "arrowhead": 0,
           "arrowwidth": 1
          },
          "autotypenumbers": "strict",
          "coloraxis": {
           "colorbar": {
            "outlinewidth": 0,
            "ticks": ""
           }
          },
          "colorscale": {
           "diverging": [
            [
             0,
             "#8e0152"
            ],
            [
             0.1,
             "#c51b7d"
            ],
            [
             0.2,
             "#de77ae"
            ],
            [
             0.3,
             "#f1b6da"
            ],
            [
             0.4,
             "#fde0ef"
            ],
            [
             0.5,
             "#f7f7f7"
            ],
            [
             0.6,
             "#e6f5d0"
            ],
            [
             0.7,
             "#b8e186"
            ],
            [
             0.8,
             "#7fbc41"
            ],
            [
             0.9,
             "#4d9221"
            ],
            [
             1,
             "#276419"
            ]
           ],
           "sequential": [
            [
             0,
             "#0d0887"
            ],
            [
             0.1111111111111111,
             "#46039f"
            ],
            [
             0.2222222222222222,
             "#7201a8"
            ],
            [
             0.3333333333333333,
             "#9c179e"
            ],
            [
             0.4444444444444444,
             "#bd3786"
            ],
            [
             0.5555555555555556,
             "#d8576b"
            ],
            [
             0.6666666666666666,
             "#ed7953"
            ],
            [
             0.7777777777777778,
             "#fb9f3a"
            ],
            [
             0.8888888888888888,
             "#fdca26"
            ],
            [
             1,
             "#f0f921"
            ]
           ],
           "sequentialminus": [
            [
             0,
             "#0d0887"
            ],
            [
             0.1111111111111111,
             "#46039f"
            ],
            [
             0.2222222222222222,
             "#7201a8"
            ],
            [
             0.3333333333333333,
             "#9c179e"
            ],
            [
             0.4444444444444444,
             "#bd3786"
            ],
            [
             0.5555555555555556,
             "#d8576b"
            ],
            [
             0.6666666666666666,
             "#ed7953"
            ],
            [
             0.7777777777777778,
             "#fb9f3a"
            ],
            [
             0.8888888888888888,
             "#fdca26"
            ],
            [
             1,
             "#f0f921"
            ]
           ]
          },
          "colorway": [
           "#636efa",
           "#EF553B",
           "#00cc96",
           "#ab63fa",
           "#FFA15A",
           "#19d3f3",
           "#FF6692",
           "#B6E880",
           "#FF97FF",
           "#FECB52"
          ],
          "font": {
           "color": "#2a3f5f"
          },
          "geo": {
           "bgcolor": "white",
           "lakecolor": "white",
           "landcolor": "#E5ECF6",
           "showlakes": true,
           "showland": true,
           "subunitcolor": "white"
          },
          "hoverlabel": {
           "align": "left"
          },
          "hovermode": "closest",
          "mapbox": {
           "style": "light"
          },
          "paper_bgcolor": "white",
          "plot_bgcolor": "#E5ECF6",
          "polar": {
           "angularaxis": {
            "gridcolor": "white",
            "linecolor": "white",
            "ticks": ""
           },
           "bgcolor": "#E5ECF6",
           "radialaxis": {
            "gridcolor": "white",
            "linecolor": "white",
            "ticks": ""
           }
          },
          "scene": {
           "xaxis": {
            "backgroundcolor": "#E5ECF6",
            "gridcolor": "white",
            "gridwidth": 2,
            "linecolor": "white",
            "showbackground": true,
            "ticks": "",
            "zerolinecolor": "white"
           },
           "yaxis": {
            "backgroundcolor": "#E5ECF6",
            "gridcolor": "white",
            "gridwidth": 2,
            "linecolor": "white",
            "showbackground": true,
            "ticks": "",
            "zerolinecolor": "white"
           },
           "zaxis": {
            "backgroundcolor": "#E5ECF6",
            "gridcolor": "white",
            "gridwidth": 2,
            "linecolor": "white",
            "showbackground": true,
            "ticks": "",
            "zerolinecolor": "white"
           }
          },
          "shapedefaults": {
           "line": {
            "color": "#2a3f5f"
           }
          },
          "ternary": {
           "aaxis": {
            "gridcolor": "white",
            "linecolor": "white",
            "ticks": ""
           },
           "baxis": {
            "gridcolor": "white",
            "linecolor": "white",
            "ticks": ""
           },
           "bgcolor": "#E5ECF6",
           "caxis": {
            "gridcolor": "white",
            "linecolor": "white",
            "ticks": ""
           }
          },
          "title": {
           "x": 0.05
          },
          "xaxis": {
           "automargin": true,
           "gridcolor": "white",
           "linecolor": "white",
           "ticks": "",
           "title": {
            "standoff": 15
           },
           "zerolinecolor": "white",
           "zerolinewidth": 2
          },
          "yaxis": {
           "automargin": true,
           "gridcolor": "white",
           "linecolor": "white",
           "ticks": "",
           "title": {
            "standoff": 15
           },
           "zerolinecolor": "white",
           "zerolinewidth": 2
          }
         }
        },
        "title": {
         "text": "Cow BFFs"
        },
        "width": 800,
        "xaxis": {
         "anchor": "y",
         "constrain": "domain",
         "domain": [
          0,
          1
         ],
         "scaleanchor": "y",
         "title": {
          "text": "Cow 2"
         }
        },
        "yaxis": {
         "anchor": "x",
         "autorange": "reversed",
         "constrain": "domain",
         "domain": [
          0,
          1
         ],
         "title": {
          "text": "Cow 1"
         }
        }
       }
      }
     },
     "metadata": {},
     "output_type": "display_data"
    }
   ],
   "source": [
    "pdf = df.toPandas()\n",
    "pdf = pdf.pivot(index='cow1', columns='cow2', values='distance').fillna(0)\n",
    "\n",
    "import plotly.express as px\n",
    "fig = px.imshow(pdf, x=pdf.columns, y=pdf.index, labels=dict(x=\"Cow 2\", y=\"Cow 1\", color=\"Distance\"), title=\"Cow BFFs\", color_continuous_scale='redor')\n",
    "px.imshow(pdf, x=pdf.columns, y=pdf.index, labels=dict(x=\"Cow 2\", y=\"Cow 1\", color=\"Distance\"),)\n",
    "\n",
    "fig.update_layout(width=800,height=500)\n",
    "fig.show()\n"
   ]
  },
  {
   "cell_type": "code",
   "execution_count": null,
   "metadata": {},
   "outputs": [],
   "source": []
  }
 ],
 "metadata": {
  "application/vnd.databricks.v1+notebook": {
   "dashboards": [],
   "language": "python",
   "notebookMetadata": {
    "mostRecentlyExecutedCommandWithImplicitDF": {
     "commandId": 1024381266358228,
     "dataframes": [
      "_sqldf"
     ]
    },
    "pythonIndentUnit": 2
   },
   "notebookName": "Cow BFF",
   "widgets": {}
  },
  "kernelspec": {
   "display_name": ".venv",
   "language": "python",
   "name": "python3"
  },
  "language_info": {
   "codemirror_mode": {
    "name": "ipython",
    "version": 3
   },
   "file_extension": ".py",
   "mimetype": "text/x-python",
   "name": "python",
